151
85
165
111
46
141
119
168
163
110
23
86
140
34
122
60
136
58
172
170
9
1
56
108
24
22
105
134
171
162
97
181
84
112
26
156
186
17
94
117
150
196
194
145
129
96
142
5
13
51
95
152
75
132
73
154
40
116
107
31
281
375
290
249
319
377
238
262
380
269
280
379
320
374
264
384
373
277
329
267
310
234
386
317
225
295
274
343
210
346
363
236
388
318
285
263
251
397
296
209
321
344
301
333
299
252
217
304
367
291
240
271
347
342
275
349
357
327
323
253
546
468
479
496
412
429
456
403
475
469
516
513
453
482
521
450
584
405
416
543
413
531
465
590
474
529
401
580
410
581
442
527
462
555
556
420
534
576
539
593
569
570
600
541
568
523
447
451
414
441
574
515
433
449
435
464
586
599
591
486
794
707
753
612
672
653
798
607
750
782
651
661
647
776
717
694
673
667
796
628
779
659
760
631
627
700
771
766
650
693
609
770
671
638
652
697
748
686
637
787
616
618
754
722
714
633
724
797
768
660
680
733
778
676
747
639
690
678
696
762
869
815
975
884
898
929
946
856
854
930
828
988
858
970
831
947
802
904
998
857
944
892
976
813
830
822
882
903
890
934
855
865
837
860
977
952
839
871
949
926
989
943
951
931
924
995
874
900
939
915
961
935
972
889
965
916
883
868
844
999
1038
1042
1148
1061
1151
1183
1166
1023
1165
1058
1010
1049
1181
1081
1173
1192
1099
1040
1137
1029
1156
1083
1019
1056
1143
1012
1025
1180
1087
1064
1130
1098
1138
1159
1132
1046
1078
1107
1030
1136
1068
1047
1008
1103
1065
1015
1109
1050
1033
1161
1004
1174
1158
1141
1160
1104
1121
1178
1139
1091
1314
1277
1262
1317
1275
1323
1210
1240
1231
1369
1222
1362
1350
1399
1291
1236
1233
1396
1245
1342
1207
1332
1357
1248
1373
1389
1355
1203
1215
1398
1388
1345
1214
1361
1334
1255
1294
1244
1220
1289
1305
1343
1351
1379
1269
1295
1375
1331
1353
1253
1387
1307
1260
1309
1341
1384
1312
1208
1276
1254
1528
1469
1504
1495
1415
1569
1598
1533
1522
1589
1501
1408
1532
1525
1582
1434
1567
1476
1456
1446
1455
1422
1409
1587
1517
1479
1428
1444
1564
1549
1468
1590
1427
1432
1401
1500
1475
1512
1545
1487
1465
1481
1412
1534
1556
1458
1484
1586
1474
1447
1574
1498
1552
1508
1413
1530
1524
1421
1431
1477
1644
1634
1776
1635
1777
1641
1682
1692
1609
1727
1710
1699
1672
1747
1721
1621
1770
1648
1793
1665
1767
1709
1773
1751
1708
1636
1705
1724
1610
1684
1780
1786
1766
1764
1745
1615
1629
1632
1624
1691
1737
1660
1606
1758
1778
1738
1626
1680
1748
1601
1742
1712
1666
1696
1755
1735
1638
1719
1717
1729
1985
1902
1875
1888
1828
1884
1939
1816
1988
1844
1840
1838
1890
1968
1877
1955
1843
1830
1951
1862
1860
1867
1997
1934
1903
1874
1959
1910
1803
1935
1954
1878
1868
1960
1804
1981
1943
1931
1848
1922
1973
1970
1881
1891
1963
1907
1885
1863
1849
1895
1856
1914
1953
1831
1986
1925
1913
1912
1807
1829
2084
2080
2192
2176
2171
2140
2195
2167
2180
2078
2017
2063
2115
2200
2154
2018
2021
2143
2152
2105
2043
2060
2007
2161
2042
2132
2191
2076
2039
2136
2170
2081
2012
2103
2091
2097
2089
2072
2038
2110
2027
2098
2112
2194
2196
2181
2024
2056
2046
2138
2094
2001
2011
2096
2035
2190
2114
2071
2023
2065
2316
2344
2220
2342
2242
2339
2399
2313
2226
2292
2264
2261
2214
2205
2221
2287
2268
2232
2305
2288
2338
2382
2257
2253
2213
2215
2328
2228
2299
2357
2329
2238
2290
2216
2381
2373
2281
2251
2302
2256
2293
2326
2385
2392
2307
2314
2224
2289
2349
2372
2283
2369
2389
2229
2361
2347
2318
2353
2276
2333
2579
2428
2456
2501
2459
2527
2568
2548
2450
2576
2414
2470
2468
2484
2526
2594
2451
2465
2439
2482
2493
2593
2571
2497
2461
2411
2446
2418
2562
2555
2486
2532
2551
2586
2423
2464
2477
2521
2528
2416
2402
2436
2442
2561
2455
2440
2525
2584
2412
2427
2490
2567
2420
2502
2591
2514
2539
2432
2508
2507
2736
2693
2605
2741
2677
2793
2632
2768
2737
2654
2692
2683
2770
2684
2723
2782
2656
2743
2780
2765
2636
2661
2652
2784
2758
2760
2731
2650
2607
2729
2627
2778
2728
2774
2685
2686
2665
2746
2619
2616
2751
2703
2756
2785
2788
2699
2727
2664
2667
2714
2776
2615
2601
2643
2658
2773
2638
2696
2753
2763
2938
2903
2864
2852
2832
2806
2833
2905
2902
2812
2873
2971
2941
2840
2889
2807
2976
2953
2885
3000
2844
2862
2874
2962
2888
2945
2878
2900
2838
2918
2911
2995
2993
2898
2808
2978
2870
2859
2846
2936
2952
2906
2949
2856
2973
2886
2869
2928
2929
2841
2948
2950
2999
2879
2899
2861
2897
2830
2824
2989
3069
3196
3092
3113
3078
3122
3075
3155
3079
3056
3131
3066
3024
3128
3088
3095
3171
3115
3090
3124
3129
3044
3043
3094
3102
3105
3053
3187
3082
3176
3177
3119
3085
3111
3080
3144
3061
3200
3151
3137
3135
3058
3004
3186
3045
3159
3166
3081
3059
3192
3132
3181
3108
3101
3068
3117
3074
3175
3048
3194
3344
3250
3386
3383
3213
3223
3375
3239
3236
3232
3254
3342
3301
3300
3278
3273
3246
3240
3282
3399
3308
3272
3237
3209
3328
3284
3206
3334
3283
3397
3318
3371
3382
3400
3312
3244
3265
3362
3291
3376
3255
3336
3241
3387
3229
3259
3363
3261
3274
3360
3368
3202
3384
3208
3248
3303
3302
3211
3315
3361
3569
3528
3557
3463
3522
3546
3586
3427
3442
3534
3433
3455
3412
3584
3422
3554
3532
3588
3445
3510
3458
3467
3538
3410
3405
3514
3480
3466
3483
3576
3496
3437
3448
3594
3447
3498
3512
3587
3417
3420
3408
3533
3516
3563
3562
3571
3430
3440
3464
3537
3578
3539
3596
3434
3544
3581
3429
3591
3552
3560
3623
3716
3776
3664
3603
3616
3766
3659
3682
3673
3795
3759
3704
3632
3683
3791
3703
3798
3724
3666
3694
3642
3735
3783
3662
3601
3618
3670
3660
3777
3612
3684
3677
3725
3619
3710
3794
3753
3729
3668
3629
3723
3605
3711
3792
3624
3746
3773
3785
3721
3738
3697
3719
3728
3722
3680
3690
3637
3671
3709
3997
3811
3978
3821
3883
3916
3846
3877
3955
3865
3951
3819
3880
3968
3921
3805
3917
3833
3994
3973
3941
3934
3886
3807
3812
3849
3815
3863
3894
3965
3931
3823
3909
3897
3998
3884
3899
3944
3911
3802
3971
3989
3882
3946
3908
3804
3947
3966
3984
3919
3861
3890
3875
3949
3892
3874
3985
3948
3850
3857
4028
4170
4083
4039
4006
4057
4129
4085
4165
4116
4137
4003
4024
4050
4012
4115
4110
4142
4181
4068
4087
4160
4041
4175
4070
4139
4078
4047
4043
4196
4008
4067
4077
4195
4004
4020
4156
4185
4151
4200
4007
4173
4055
4010
4123
4111
4091
4113
4095
4032
4049
4182
4063
4135
4158
4162
4122
4114
4040
4009
4293
4294
4317
4225
4334
4355
4369
4233
4366
4350
4277
4269
4396
4252
4368
4328
4308
4224
4305
4212
4262
4261
4315
4238
4203
4367
4214
4209
4336
4237
4343
4213
4241
4206
4363
4216
4371
4286
4373
4311
4218
4354
4358
4360
4208
4353
4382
4384
4299
4385
4231
4259
4378
4345
4339
4307
4330
4375
4319
4266
4483
4506
4423
4456
4545
4410
4551
4581
4486
4438
4418
4492
4507
4594
4428
4448
4461
4441
4523
4450
4432
4457
4437
4445
4470
4529
4592
4538
4488
4495
4587
4572
4499
4533
4590
4484
4517
4542
4454
4563
4425
4402
4464
4433
4519
4573
4419
4434
4493
4463
4476
4598
4427
4509
4543
4473
4489
4405
4406
4561
4613
4644
4631
4678
4682
4724
4611
4621
4764
4774
4681
4624
4776
4707
4763
4693
4656
4662
4627
4716
4691
4789
4602
4660
4752
4751
4623
4782
4657
4769
4606
4698
4654
4697
4734
4647
4669
4733
4785
4750
4765
4603
4725
4696
4635
4704
4649
4638
4795
4668
4641
4674
4790
4744
4777
4671
4741
4793
4736
4634
4865
4877
4937
4928
4963
4959
4901
4958
4930
4935
4932
4906
4993
4859
4940
4980
4823
4939
4903
4925
4847
4882
4894
4974
4874
4837
4827
4931
4991
4938
4970
4965
4957
4849
4864
4862
4861
4975
4988
4880
4885
4846
4912
4941
4853
4873
4921
4821
4814
4902
4802
4871
4998
4943
4854
4947
4978
4956
4920
4915
5054
5152
5039
5044
5096
5074
5094
5199
5040
5067
5009
5148
5092
5043
5163
5183
5049
5091
5050
5176
5150
5141
5026
5127
5115
5177
5093
5132
5158
5170
5070
5059
5071
5011
5149
5002
5033
5037
5048
5068
5087
5034
5035
5130
5073
5052
5147
5101
5062
5086
5041
5072
5157
5131
5193
5032
5109
5099
5097
5181
5399
5255
5377
5204
5297
5271
5305
5379
5333
5259
5331
5343
5386
5217
5210
5239
5294
5400
5203
5352
5242
5228
5316
5260
5336
5390
5234
5389
5384
5299
5329
5296
5381
5225
5238
5229
5387
5391
5213
5285
5201
5322
5378
5350
5382
5320
5223
5303
5280
5272
5364
5241
5268
5334
5251
5394
5375
5368
5248
5231
5474
5431
5599
5532
5408
5581
5455
5469
5479
5531
5482
5504
5502
5512
5424
5420
5528
5514
5600
5478
5523
5436
5563
5578
5446
5560
5442
5543
5418
5551
5527
5416
5570
5470
5403
5419
5433
5574
5427
5426
5421
5439
5496
5556
5501
5565
5405
5525
5472
5487
5597
5413
5471
5401
5415
5434
5412
5423
5587
5566
5782
5667
5785
5698
5642
5753
5606
5759
5724
5603
5709
5605
5629
5713
5712
5624
5656
5610
5602
5731
5616
5720
5730
5718
5669
5719
5725
5767
5771
5697
5793
5774
5789
5764
5693
5664
5710
5779
5662
5604
5780
5773
5671
5655
5641
5613
5729
5745
5673
5750
5645
5741
5748
5685
5657
5639
5699
5700
5631
5791
5837
5823
5923
5980
5943
5830
5862
5819
5812
5907
5909
5801
5825
5928
5818
5981
5828
5897
5998
5946
5893
5920
5983
5843
5838
5813
5944
5900
5961
5918
5958
5969
5999
5970
5852
5851
5952
5806
5939
5966
5832
5881
5866
5932
5936
5995
5877
5921
5911
5951
5964
5882
5988
5884
5974
5805
5844
5835
5841
5990
6073
6037
6106
6125
6197
6174
6077
6163
6196
6180
6070
6055
6119
6177
6154
6031
6028
6171
6100
6124
6097
6085
6109
6059
6020
6134
6155
6038
6051
6099
6091
6078
6042
6086
6149
6096
6167
6022
6113
6009
6008
6114
6142
6199
6105
6169
6198
6075
6159
6094
6168
6116
6066
6132
6187
6084
6052
6072
6143
6151
6346
6342
6326
6243
6302
6268
6210
6309
6297
6323
6257
6261
6344
6356
6397
6394
6354
6333
6329
6365
6320
6376
6237
6360
6343
6387
6226
6351
6282
6388
6205
6258
6260
6353
6321
6201
6207
6295
6380
6377
6340
6366
6294
6224
6395
6242
6393
6310
6287
6334
6391
6265
6230
6322
6208
6369
6296
6214
6236
6229
6509
6473
6438
6410
6562
6567
6548
6469
6475
6450
6436
6563
6584
6569
6592
6577
6418
6407
6415
6495
6462
6451
6519
6423
6510
6430
6520
6466
6411
6464
6485
6487
6413
6532
6561
6500
6544
6435
6550
6468
6433
6452
6491
6525
6489
6556
6557
6527
6547
6447
6559
6594
6558
6403
6496
6537
6566
6439
6523
6503
6673
6612
6746
6787
6718
6647
6753
6780
6667
6671
6740
6785
6699
6707
6645
6615
6743
6756
6637
6763
6679
6697
6781
6759
6622
6632
6626
6650
6750
6712
6654
6693
6628
6659
6732
6606
6799
6790
6683
6678
6798
6742
6771
6664
6694
6684
6652
6739
6793
6674
6727
6695
6663
6611
6744
6610
6662
6676
6689
6644
6842
6801
6935
6916
6908
6853
6995
6936
6858
6941
6877
6888
6852
6896
6869
6830
6894
6952
6915
6972
6959
6958
6856
6837
6829
6949
6944
6982
6929
6887
6961
6834
6809
6855
6984
6898
6881
6956
6886
6963
6839
6939
6883
6953
6885
6818
6940
6910
6803
6835
6827
6948
6866
6978
6962
6998
6988
6878
6874
6927
7177
7196
7185
7154
7062
7035
7049
7054
7145
7029
7027
7078
7066
7160
7184
7135
7068
7116
7192
7050
7071
7025
7075
7055
7026
7107
7052
7014
7162
7138
7198
7037
7072
7140
7141
7152
7109
7104
7085
7142
7080
7108
7028
7011
7098
7024
7043
7150
7097
7166
7009
7190
7070
7100
7059
7093
7129
7197
7063
7095
7335
7294
7225
7210
7215
7268
7264
7263
7303
7394
7383
7367
7399
7277
7311
7270
7241
7243
7313
7392
7334
7366
7360
7346
7251
7214
7261
7325
7226
7365
7224
7389
7375
7378
7304
7341
7395
7336
7333
7231
7291
7390
7308
7355
7379
7204
7374
7339
7284
7326
7220
7319
7267
7331
7247
7358
7262
7223
7229
7237
7556
7459
7577
7548
7492
7410
7502
7554
7518
7464
7565
7482
7466
7422
7427
7545
7591
7437
7417
7560
7558
7423
7534
7503
7506
7517
7438
7455
7467
7586
7523
7457
7490
7584
7568
7596
7510
7552
7413
7470
7447
7520
7597
7448
7416
7501
7507
7426
7411
7551
7453
7566
7424
7430
7497
7444
7599
7581
7499
7573
7706
7796
7716
7680
7608
7679
7612
7772
7763
7735
7720
7701
7737
7744
7620
7703
7732
7750
7622
7674
7781
7759
7613
7757
7715
7659
7633
7749
7648
7723
7607
7745
7605
7687
7792
7724
7800
7718
7774
7789
7647
7606
7618
7787
7753
7627
7669
7791
7621
7793
7614
7704
7658
7636
7733
7794
7742
7699
7727
7752
7946
7980
7932
7937
7966
7975
7960
7988
7872
7840
7826
7901
7852
7889
7814
7906
7948
7977
7898
7809
7805
7905
7902
7958
7853
7828
7804
7815
7869
7987
7813
7935
7918
7951
7925
7887
7882
7863
7947
7907
7996
7944
7989
7807
7819
7992
7927
7971
7893
7894
7878
7816
7933
7860
7965
7983
7959
7867
7936
7877
8118
8177
8124
8126
8147
8025
8076
8149
8014
8120
8095
8117
8167
8174
8151
8047
8070
8084
8045
8090
8030
8098
8129
8086
8061
8146
8023
8031
8008
8102
8089
8142
8049
8119
8021
8161
8007
8111
8036
8188
8105
8009
8077
8075
8016
8024
8033
8140
8043
8103
8037
8041
8189
8029
8066
8099
8062
8135
8071
8171
8283
8383
8240
8256
8232
8345
8350
8263
8360
8270
8252
8369
8394
8397
8329
8363
8234
8225
8228
8365
8258
8372
8357
8326
8202
8340
8286
8318
8390
8315
8223
8370
8254
8348
8251
8395
8301
8310
8314
8399
8338
8289
8336
8241
8277
8296
8333
8237
8236
8396
8379
8221
8398
8266
8262
8300
8246
8332
8339
8344
8481
8455
8492
8489
8429
8528
8482
8562
8577
8460
8588
8545
8516
8432
8456
8485
8439
8451
8447
8446
8541
8549
8594
8600
8411
8564
8449
8428
8557
8558
8416
8513
8509
8445
8424
8521
8504
8567
8474
8527
8498
8472
8479
8530
8471
8581
8517
8543
8435
8576
8490
8571
8590
8540
8422
8566
8573
8418
8596
8448
8640
8793
8627
8798
8680
8628
8623
8794
8608
8771
8768
8624
8665
8718
8699
8614
8789
8763
8687
8626
8733
8739
8631
8715
8714
8717
8683
8735
8719
8764
8712
8757
8706
8685
8734
8791
8698
8603
8605
8604
8704
8786
8701
8688
8652
8709
8748
8684
8660
8770
8690
8792
8625
8795
8659
8668
8731
8790
8634
8785
8920
8976
8983
8945
8931
8966
8901
8825
8916
8978
8980
8909
8856
8979
8855
8833
8871
8997
8953
8838
8917
8852
8806
8875
8939
8872
8977
8972
8894
8801
8841
8839
8869
8932
8888
8927
8812
8935
8995
8804
8866
8828
8910
8851
8835
8944
8834
8898
8900
8846
8861
8842
8823
8858
8817
8994
8912
8805
8951
8836
9065
9116
9145
9009
9090
9019
9129
9040
9080
9061
9154
9155
9169
9027
9054
9126
9035
9110
9143
9074
9041
9028
9034
9144
9178
9066
9013
9186
9197
9062
9097
9120
9166
9176
9026
9149
9184
9056
9037
9102
9130
9031
9125
9079
9163
9050
9014
9036
9179
9195
9004
9101
9118
9046
9070
9001
9153
9025
9072
9051
9321
9372
9202
9322
9216
9369
9340
9334
9224
9370
9344
9297
9358
9319
9394
9213
9349
9276
9392
9324
9339
9315
9397
9307
9292
9393
9368
9278
9311
9252
9378
9305
9304
9331
9303
9260
9253
9257
9243
9316
9279
9234
9265
9214
9366
9390
9343
9355
9318
9395
9385
9258
9244
9233
9353
9329
9290
9364
9300
9272
9583
9484
9421
9493
9438
9556
9551
9509
9512
9425
9488
9514
9523
9543
9598
9539
9546
9452
9519
9434
9553
9448
9549
9443
9474
9437
9571
9433
9463
9517
9582
9406
9468
9494
9410
9461
9503
9441
9532
9413
9440
9487
9405
9404
9507
9574
9525
9496
9477
9442
9407
9515
9485
9419
9526
9505
9567
9599
9427
9536
9777
9762
9643
9645
9797
9783
9774
9700
9684
9610
9671
9625
9634
9640
9649
9771
9694
9708
9743
9800
9725
9713
9693
9704
9778
9719
9754
9632
9635
9603
9674
9703
9718
9711
9752
9710
9761
9760
9753
9612
9641
9792
9755
9688
9648
9742
9647
9658
9678
9681
9695
9650
9728
9642
9655
9624
9750
9604
9738
9615
9922
9919
9874
9995
9917
9974
9942
9924
9935
9915
9881
9916
9853
9848
9857
9937
9926
9861
9955
9891
9905
9828
9806
9821
9833
9949
9846
9860
9983
9873
9930
9867
9944
9953
9933
9986
9961
9899
9862
9866
9970
9865
9807
9990
9886
9837
9818
9940
9934
9847
9876
9802
9952
9819
9824
9993
9994
9842
9985
9977
